t_s,mem_util_pct,gpu_util_pct,bandwidth_gbps,phase
0.0039466110029025,2,20,14.37,util_25
0.02485560000059195,2,20,14.37,util_25
0.045829690992832184,2,20,14.37,util_25
0.06659107599989511,2,20,14.37,util_25
0.08832268799596932,2,20,14.37,util_25
0.1102301049977541,2,20,14.37,util_25
0.13193031700211577,18,16,129.37,util_25
0.15275740298966412,18,16,129.37,util_25
0.1745260169991525,18,16,129.37,util_25
0.19628122900030576,18,16,129.37,util_25
0.21820034699339885,18,16,129.37,util_25
0.23983365599997342,18,16,129.37,util_25
0.26167727199208457,18,16,129.37,util_25
0.2829850720008835,18,16,129.37,util_25
0.3041559679986676,18,16,129.37,util_25
0.33119563000218477,22,19,158.11,util_25
0.35193791399069596,22,19,158.11,util_25
0.37262709699280094,22,19,158.11,util_25
0.3932882789958967,22,19,158.11,util_25
0.4141431659954833,22,19,158.11,util_25
0.43498555399128236,22,19,158.11,util_25
0.45573523799248505,22,19,158.11,util_25
0.47661702599725686,22,19,158.11,util_25
0.49757181700260844,22,19,158.11,util_25
0.518436603990267,22,19,158.11,util_25
0.5392900919978274,22,21,158.11,util_25
0.560977102999459,22,21,158.11,util_25
0.5830128230008995,22,21,158.11,util_25
0.6050783449900337,22,21,158.11,util_25
0.6269464609940769,22,21,158.11,util_25
0.6477345469902502,22,21,158.11,util_25
0.6685075319983298,22,21,158.11,util_25
0.6893133179983124,22,21,158.11,util_25
0.7100325009960216,22,21,158.11,util_25
0.7307150839915266,22,20,158.11,util_25
0.7514799689961364,22,20,158.11,util_25
0.7732290819985792,22,20,158.11,util_25
0.7948665909934789,22,20,158.11,util_25
0.8168100089969812,22,20,158.11,util_25
0.8376522960024886,22,20,158.11,util_25
0.8584460819984088,22,20,158.11,util_25
0.8793013749964302,22,20,158.11,util_25
0.9002384819905274,22,20,158.11,util_25
0.9218539080029586,22,20,158.11,util_25
0.9439520479936618,23,24,165.30,util_25
0.9660279879899463,23,24,165.30,util_25
0.9881376289995387,23,24,165.30,util_25
1.009060034994036,23,24,165.30,util_25
1.0299259399907896,23,24,165.30,util_25
1.050807644991437,23,24,165.30,util_25
1.0715253450034652,23,24,165.30,util_25
1.0931799730024068,23,24,165.30,util_25
1.1149297029915033,23,24,165.30,util_25
1.1357604060031008,23,24,165.30,util_25
1.157411434003734,23,24,165.30,util_25
1.1789599579933565,23,24,165.30,util_25
1.2006579869921552,23,24,165.30,util_25
1.222621123000863,23,24,165.30,util_25
1.2441084460006095,23,24,165.30,util_25
1.2650604529917473,23,24,165.30,util_25
1.2858686559920898,23,24,165.30,util_25
1.3067687619914068,23,24,165.30,util_25
1.3276029650005512,22,21,158.11,util_25
1.3484954710002057,22,21,158.11,util_25
1.3691001679981127,22,21,158.11,util_25
1.3898293689999264,22,21,158.11,util_25
1.410588769998867,22,21,158.11,util_25
1.4313571719976608,22,21,158.11,util_25
1.452193475997774,22,21,158.11,util_25
1.4729193759994814,22,21,158.11,util_25
1.493805481994059,22,21,158.11,util_25
1.5145639830006985,22,21,158.11,util_25
1.5362072099960642,22,22,158.11,util_25
1.5578829379956005,22,22,158.11,util_25
1.5797960729978513,22,22,158.11,util_25
1.6012079939973773,22,22,158.11,util_25
1.622790018998785,22,22,158.11,util_25
1.6444912479928462,22,22,158.11,util_25
1.6656947619921993,22,22,158.11,util_25
1.6864616639941232,22,22,158.11,util_25
1.7073582699958934,22,22,158.11,util_25
1.7281102709966945,23,22,165.30,util_25
1.7488194710022071,23,22,165.30,util_25
1.7699073819967452,23,22,165.30,util_25
1.791604111000197,23,22,165.30,util_25
1.813299139001174,23,22,165.30,util_25
1.8341889449948212,23,22,165.30,util_25
1.8550988509960007,23,22,165.30,util_25
1.8759957589936676,23,22,165.30,util_25
1.8968861820030725,23,22,165.30,util_25
1.9177343030023621,23,22,165.30,util_25
1.9385881240013987,21,18,150.93,util_25
1.9593493419961305,21,18,150.93,util_25
1.9800840590032749,21,18,150.93,util_25
2.000786575998063,21,18,150.93,util_25
2.0229903369909152,21,18,150.93,util_25
2.044184067999595,21,18,150.93,util_25
2.065414800992585,21,18,150.93,util_25
2.0861438179999823,21,18,150.93,util_25
2.1070653409988154,21,18,150.93,util_25
2.1289677930035396,21,20,150.93,util_25
2.1497547119943192,21,20,150.93,util_25
2.1714876600017305,21,20,150.93,util_25
2.1931959060020745,21,20,150.93,util_25
2.214785848991596,21,20,150.93,util_25
2.236381991999224,21,20,150.93,util_25
2.2573228160035796,21,20,150.93,util_25
2.278963559991098,21,20,150.93,util_25
2.3005004019942135,21,20,150.93,util_25
2.322183048003353,21,20,150.93,util_25
2.343938395002624,22,19,158.11,util_25
2.3655494389968226,22,19,158.11,util_25
2.3870311789942207,22,19,158.11,util_25
2.407921100995736,22,19,158.11,util_25
2.4286747189908056,22,19,158.11,util_25
2.449451237989706,22,19,158.11,util_25
2.470482363991323,22,19,158.11,util_25
2.491197380993981,22,19,158.11,util_25
2.5118763969949214,22,19,158.11,util_25
2.533290634994046,22,20,158.11,util_25
2.554377262989874,22,20,158.11,util_25
2.575142481000512,22,20,158.11,util_25
2.5958621979953023,22,20,158.11,util_25
2.616666118003195,22,20,158.11,util_25
2.6375571399985347,22,20,158.11,util_25
2.6583240579930134,22,20,158.11,util_25
2.6790987769927597,22,20,158.11,util_25
2.699847794996458,22,20,158.11,util_25
2.720525110999006,22,20,158.11,util_25
2.7412178270024015,23,21,165.30,util_25
2.7621602509898366,23,21,165.30,util_25
2.7831900769961067,23,21,165.30,util_25
2.8043616069917334,23,21,165.30,util_25
2.825304630998289,23,21,165.30,util_25
2.8459970469994005,23,21,165.30,util_25
2.866806566991727,23,21,165.30,util_25
2.8876646979915677,23,21,165.30,util_25
2.9086097379913554,23,21,165.30,util_25
2.9293685729935532,22,20,158.11,util_25
2.950241211001412,22,20,158.11,util_25
2.9710600480029825,22,20,158.11,util_25
2.991887284995755,22,20,158.11,util_25
3.012827325001126,22,20,158.11,util_25
3.03396917200007,22,20,158.11,util_25
3.054804208994028,22,20,158.11,util_25
3.0756507469923235,22,20,158.11,util_25
3.09645088299294,22,20,158.11,util_25
3.1173355219943915,22,20,158.11,util_25
3.1380838559998665,22,20,158.11,util_25
3.1589067930035526,22,20,158.11,util_25
3.1797265299974242,22,20,158.11,util_25
3.200534666000749,22,20,158.11,util_25
3.2216190109902527,22,20,158.11,util_25
3.242856759999995,22,20,158.11,util_25
3.263993307002238,22,20,158.11,util_25
3.2851837549969787,22,20,158.11,util_25
3.306072594001307,22,20,158.11,util_25
3.3268185280030593,22,20,158.11,util_25
3.347657865000656,22,20,158.11,util_25
3.368651006996515,22,20,158.11,util_25
3.389282638003351,22,20,158.11,util_25
3.410024472992518,22,20,158.11,util_25
3.4307614069984993,22,20,158.11,util_25
3.451471840002341,22,20,158.11,util_25
3.472403280000435,22,20,158.11,util_25
3.493413422998856,22,20,158.11,util_25
3.514284860997577,22,20,158.11,util_25
3.535074097002507,22,20,158.11,util_25
3.555949635003344,22,20,158.11,util_25
3.5767750719969627,22,20,158.11,util_25
3.5976626109913923,22,20,158.11,util_25
3.61836974399921,22,20,158.11,util_25
3.6391268790030153,22,20,158.11,util_25
3.6599363159912173,22,20,158.11,util_25
3.6807855529914377,22,20,158.11,util_25
3.7017499939975096,22,20,158.11,util_25
3.725501720997272,22,21,158.11,util_25
3.7462567559996387,22,21,158.11,util_25
3.767004690002068,22,21,158.11,util_25
3.788608550996287,22,21,158.11,util_25
3.8094164869980887,22,21,158.11,util_25
3.830184922000626,22,21,158.11,util_25
3.851146462999168,22,21,158.11,util_25
3.8727624699968146,22,21,158.11,util_25
3.89440864099015,22,21,158.11,util_25
3.9161961100035114,22,21,158.11,util_25
3.937100688999635,22,22,158.11,util_25
3.957966567002586,22,22,158.11,util_25
3.978805046994239,22,22,158.11,util_25
3.9995429269911256,22,22,158.11,util_25
4.020323706994532,22,22,158.11,util_25
4.041514582000673,22,22,158.11,util_25
4.063334851001855,22,22,158.11,util_25
4.0845445259910775,22,22,158.11,util_25
4.105259905991261,22,22,158.11,util_25
4.126011785992887,21,21,150.93,util_25
4.146765465993667,21,21,150.93,util_25
4.167612445991836,21,21,150.93,util_25
4.188369026000146,21,21,150.93,util_25
4.209222304998548,21,21,150.93,util_25
4.230026983990683,21,21,150.93,util_25
4.250935061994824,21,21,150.93,util_25
4.271665142994607,21,21,150.93,util_25
4.292411923001055,21,21,150.93,util_25
4.313119503000053,21,21,150.93,util_25
4.333784784001182,21,21,150.93,util_25
4.354560563995619,21,21,150.93,util_25
4.375296343991067,21,21,150.93,util_25
4.39600782499474,21,21,150.93,util_25
4.4166630059917225,21,21,150.93,util_25
4.43741418600257,21,21,150.93,util_25
4.4581138670037035,21,21,150.93,util_25
4.478903545998037,21,21,150.93,util_25
4.4997287259902805,21,21,150.93,util_25
4.520580804994097,21,21,150.93,util_25
4.541677980989334,22,20,158.11,util_25
4.562913355999626,22,20,158.11,util_25
4.583944432990393,22,20,158.11,util_25
4.6061175979994005,22,20,158.11,util_25
4.627798667992465,22,20,158.11,util_25
4.648791446001269,22,20,158.11,util_25
4.669535326000187,22,20,158.11,util_25
4.690315706000547,22,20,158.11,util_25
4.71119368399377,22,20,158.11,util_25
4.7318923650018405,22,20,158.11,util_25
4.752751343999989,22,20,158.11,util_25
4.773705821993644,22,20,158.11,util_25
4.794464202001109,22,20,158.11,util_25
4.815467478998471,22,20,158.11,util_25
4.836098361003678,22,20,158.11,util_25
4.856767142002354,22,20,158.11,util_25
4.877426726001431,22,20,158.11,util_25
4.89884041598998,22,20,158.11,util_25
4.919704611995257,22,20,158.11,util_25
4.94045140799426,22,20,158.11,util_25
4.961517001996981,22,20,158.11,util_25
4.982634094994864,22,20,158.11,util_25
5.003673988991068,22,20,158.11,util_25
5.024658383001224,22,20,158.11,util_25
5.045477078994736,22,20,158.11,util_25
5.066253274999326,22,20,158.11,util_25
5.08698447200004,22,20,158.11,util_25
5.107886366997263,22,20,158.11,util_25
5.128636762994574,22,20,158.11,util_25
5.149360759998672,22,20,158.11,util_25
5.170157756001572,22,20,158.11,util_25
5.191147550998721,22,20,158.11,util_25
5.212016445992049,22,20,158.11,util_25
5.232778942998266,22,20,158.11,util_25
5.253707636991749,22,20,158.11,util_25
5.274324735000846,22,20,158.11,util_25
5.295136531000026,22,20,158.11,util_25
5.315933726989897,22,20,158.11,util_25
5.336700924002798,22,20,158.11,util_25
5.357399120999617,22,20,158.11,util_25
5.378205417000572,22,20,158.11,util_25
5.3999702029977925,22,20,158.11,util_25
5.4210510970006,22,20,158.11,util_25
5.442188989996794,22,20,158.11,util_25
5.463282482989598,22,20,158.11,util_25
5.484324076998746,22,20,158.11,util_25
5.50529057100357,22,20,158.11,util_25
5.52605946699623,22,20,158.11,util_25
5.546953962999396,22,20,158.11,util_25
5.567848658000003,22,20,158.11,util_25
5.588748552996549,22,20,158.11,util_25
5.609469149989309,22,20,158.11,util_25
5.630232445997535,22,20,158.11,util_25
5.651020541990874,22,20,158.11,util_25
5.672671330001322,22,20,158.11,util_25
5.694457315999898,22,20,158.11,util_25
5.7153817109938245,22,20,158.11,util_25
5.736180306994356,22,20,158.11,util_25
5.75689510400116,22,20,158.11,util_25
5.778590091998922,22,20,158.11,util_25
5.800242078999872,22,20,158.11,util_25
5.822194163993117,22,20,158.11,util_25
5.8442001479998,22,20,158.11,util_25
5.865112443003454,22,20,158.11,util_25
5.885890449993894,22,20,158.11,util_25
5.906750961992657,22,20,158.11,util_25
5.9274964749929495,22,20,158.11,util_25
5.9492309789930005,22,20,158.11,util_25
5.969992091995664,22,20,158.11,util_25
5.990851904003648,22,20,158.11,util_25
6.011608916989644,22,20,158.11,util_25
6.032367729989346,22,20,158.11,util_25
6.053216642001644,22,20,158.11,util_25
6.074054053999134,22,20,158.11,util_25
6.094946765995701,22,20,158.11,util_25
6.115793277989724,22,20,158.11,util_25
6.1374223829916446,22,19,158.11,util_25
6.159065788000589,22,19,158.11,util_25
6.1809799909970025,22,19,158.11,util_25
6.203070390998619,22,19,158.11,util_25
6.2249229949957225,22,19,158.11,util_25
6.246606298998813,22,19,158.11,util_25
6.268550701002823,22,19,158.11,util_25
6.290110906993505,22,19,158.11,util_25
6.311076618003426,22,19,158.11,util_25
6.331921229997533,21,19,150.93,util_25
6.352796141989529,21,19,150.93,util_25
6.374493046998396,21,19,150.93,util_25
6.396059851991595,21,19,150.93,util_25
6.4174565599969355,21,19,150.93,util_25
6.438123072992312,21,19,150.93,util_25
6.458813186996849,21,19,150.93,util_25
6.479581399995368,21,19,150.93,util_25
6.500575710000703,21,19,150.93,util_25
6.53011894399242,28,26,201.23,util_25
6.550976555998204,28,26,201.23,util_25
6.571754068994778,28,26,201.23,util_25
6.592501181992702,28,26,201.23,util_25
6.613329693995183,28,26,201.23,util_25
6.634105406992603,28,26,201.23,util_25
6.65496251899458,28,26,201.23,util_25
6.675804730999516,28,26,201.23,util_25
6.696421845990699,28,26,201.23,util_25
6.71831444799318,28,26,201.23,util_25
6.739261559996521,42,35,301.85,util_25
6.760153971001273,42,35,301.85,util_25
6.781245580990799,42,35,301.85,util_25
6.802329390993691,42,35,301.85,util_25
6.823464000990498,42,35,301.85,util_25
6.844254012990859,42,35,301.85,util_25
6.865029325999785,42,35,301.85,util_25
6.885768449996249,42,35,301.85,util_25
6.906540379000944,42,35,301.85,util_25
6.927365907991771,42,38,301.85,util_25
6.948178935999749,42,38,301.85,util_25
6.969043764998787,42,38,301.85,util_25
6.989921592990868,42,38,301.85,util_25
7.010733621995314,42,38,301.85,util_25
7.031491750996793,42,38,301.85,util_25
7.0523982790036825,42,38,301.85,util_25
7.074100300989812,42,38,301.85,util_25
7.094944229989778,42,38,301.85,util_25
7.1158100579923484,42,38,301.85,util_25
7.1366409869951895,43,37,309.04,util_25
7.157446415993036,43,37,309.04,util_25
7.178119845993933,43,37,309.04,util_25
7.198873175002518,43,37,309.04,util_25
7.219640604002052,43,37,309.04,util_25
7.240768730989657,43,37,309.04,util_25
7.262952948003658,43,37,309.04,util_25
7.284085873994627,43,37,309.04,util_25
7.304770603994257,43,37,309.04,util_25
7.325483533990337,43,37,309.04,util_25
7.34619436399953,43,37,309.04,util_25
7.367092991989921,43,37,309.04,util_25
7.388569214992458,43,37,309.04,util_25
7.409355244002654,43,37,309.04,util_25
7.43025707200286,43,37,309.04,util_25
7.451161699995282,43,37,309.04,util_25
7.47199982899474,43,37,309.04,util_25
7.492855757998768,43,37,309.04,util_25
7.514931575991795,43,37,309.04,util_25
7.536542497997289,43,38,309.04,util_25
7.557621624990134,43,38,309.04,util_25
7.578519552989746,43,38,309.04,util_25
7.599297681997996,43,38,309.04,util_25
7.620386908994988,43,38,309.04,util_25
7.64245112799108,43,38,309.04,util_25
7.664529845991638,43,38,309.04,util_25
7.685923669996555,43,38,309.04,util_25
7.707567691992153,43,38,309.04,util_25
7.728332920989487,41,37,294.66,util_25
7.749062450995552,41,37,294.66,util_25
7.770003978992463,41,37,294.66,util_25
7.790800007991493,41,37,294.66,util_25
7.811679335994995,41,37,294.66,util_25
7.8333118579903385,41,37,294.66,util_25
7.854961479999474,41,37,294.66,util_25
7.875745411991375,41,37,294.66,util_25
7.896618455997668,41,37,294.66,util_25
7.917827698998735,41,37,294.66,util_25
7.939549336995697,44,38,316.23,util_25
7.960895177995553,44,38,316.23,util_25
7.9821448199945735,44,38,316.23,util_25
8.00349196199386,44,38,316.23,util_25
8.024423105991445,44,38,316.23,util_25
8.046185843995772,44,38,316.23,util_25
8.06709028899786,44,38,316.23,util_25
8.087957433002884,44,38,316.23,util_25
8.108754978995421,44,38,316.23,util_25
8.131232610990992,41,35,294.66,util_25
8.152102655993076,41,35,294.66,util_25
8.172982500997023,41,35,294.66,util_25
8.193902744998923,41,35,294.66,util_25
8.214723890996538,41,35,294.66,util_25
8.235590434996993,41,35,294.66,util_25
8.256528479992994,41,35,294.66,util_25
8.278162718997919,41,35,294.66,util_25
8.298946463997709,41,35,294.66,util_25
8.320355404997827,41,35,294.66,util_25
8.34194444399327,41,36,294.66,util_25
8.363168586991378,41,36,294.66,util_25
8.384433927989448,41,36,294.66,util_25
8.40526597299322,41,36,294.66,util_25
8.426084619000903,41,36,294.66,util_25
8.446892863998073,41,36,294.66,util_25
8.467953006998869,41,36,294.66,util_25
8.488629254003172,41,36,294.66,util_25
8.509505298003205,41,36,294.66,util_25
8.53046014199208,42,38,301.85,util_25
8.551219487999333,42,38,301.85,util_25
8.572221031994559,42,38,301.85,util_25
8.59301607699308,42,38,301.85,util_25
8.61430641899642,42,38,301.85,util_25
8.635158463992411,42,38,301.85,util_25
8.656431105991942,42,38,301.85,util_25
8.677215350995539,42,38,301.85,util_25
8.698049295999226,42,38,301.85,util_25
8.718749741994543,42,38,301.85,util_25
8.739601686989772,43,38,309.04,util_25
8.760893728991505,43,38,309.04,util_25
8.782047171000158,43,38,309.04,util_25
8.803651611000532,43,38,309.04,util_25
8.824563354995917,43,38,309.04,util_25
8.845454399997834,43,38,309.04,util_25
8.866559143003542,43,38,309.04,util_25
8.88744829899224,43,38,309.04,util_25
8.908250160995522,43,38,309.04,util_25
8.928923822997604,42,39,301.85,util_25
8.949713284993777,42,39,301.85,util_25
8.97048274599365,42,39,301.85,util_25
8.991407206995063,42,39,301.85,util_25
9.012336567990133,42,39,301.85,util_25
9.033365527997375,42,39,301.85,util_25
9.054104290000396,42,39,301.85,util_25
9.074898352002492,42,39,301.85,util_25
9.095660313003464,42,39,301.85,util_25
9.116674074000912,42,39,301.85,util_25
9.137599433990545,43,39,309.04,util_25
9.158602137002163,43,39,309.04,util_25
9.179780653998023,43,39,309.04,util_25
9.201110674999654,43,39,309.04,util_25
9.22234129300341,43,39,309.04,util_25
9.24345270798949,43,39,309.04,util_25
9.264371616998687,43,39,309.04,util_25
9.285271525994176,43,39,309.04,util_25
9.306285237995326,43,39,309.04,util_25
9.331016658994486,43,41,309.04,util_25
9.35199226999248,43,41,309.04,util_25
9.372880377995898,43,41,309.04,util_25
9.39483391700196,43,41,309.04,util_25
9.416824757994618,43,41,309.04,util_25
9.437857469994924,43,41,309.04,util_25
9.458489170996472,43,41,309.04,util_25
9.479455982000218,43,41,309.04,util_25
9.50055779700051,43,41,309.04,util_25
9.530640072989627,43,40,309.04,util_25
9.551550681993831,43,40,309.04,util_25
9.57243508999818,43,40,309.04,util_25
9.59332019899739,43,40,309.04,util_25
9.614349310999387,43,40,309.04,util_25
9.635256119989208,43,40,309.04,util_25
9.656139728002017,43,40,309.04,util_25
9.676957435003715,43,40,309.04,util_25
9.697788641002262,43,40,309.04,util_25
9.719575376002467,43,40,309.04,util_25
9.741677519996301,43,38,309.04,util_25
9.762948139003129,43,38,309.04,util_25
9.784088654996594,43,38,309.04,util_25
9.804941661990597,43,38,309.04,util_25
9.825718767999206,43,38,309.04,util_25
9.846565275001922,43,38,309.04,util_25
9.867379980991245,43,38,309.04,util_25
9.888127097001416,43,38,309.04,util_25
9.908941519999644,43,38,309.04,util_25
9.929786442997283,42,37,301.85,util_25
9.950681467991672,42,37,301.85,util_25
9.971605393991922,42,37,301.85,util_25
9.992492217992549,42,37,301.85,util_25
10.013337942000362,42,37,301.85,gap
10.035046591001446,42,37,301.85,gap
10.056911344989203,42,37,301.85,gap
10.077828470995883,42,37,301.85,gap
10.09870879499067,42,37,301.85,gap
10.119990630992106,42,37,301.85,gap
10.141883985997993,19,18,136.55,gap
10.163337527992553,19,18,136.55,gap
10.184212252002908,19,18,136.55,gap
10.205143977989792,19,18,136.55,gap
10.226004401993123,19,18,136.55,gap
10.246932827998535,19,18,136.55,gap
10.268178162994445,19,18,136.55,gap
10.28992591399583,19,18,136.55,gap
10.311575860992889,19,18,136.55,gap
10.333243308996316,0,1,0.00,gap
10.354257336992305,0,1,0.00,gap
10.37531086699164,0,1,0.00,gap
10.396070187998703,0,1,0.00,gap
10.417144917999394,0,1,0.00,gap
10.438874867992126,0,1,0.00,gap
10.45992969800136,0,1,0.00,gap
10.481111330998829,0,1,0.00,gap
10.502236562999315,0,1,0.00,gap
10.524133218001225,4,5,28.75,util_50
10.54536395300238,4,5,28.75,util_50
10.56651848499314,4,5,28.75,util_50
10.587435911002103,4,5,28.75,util_50
10.608501141003217,4,5,28.75,util_50
10.629467667997233,4,5,28.75,util_50
10.650303991002147,4,5,28.75,util_50
10.671119413993438,4,5,28.75,util_50
10.691993037995417,4,5,28.75,util_50
10.712943663995247,4,5,28.75,util_50
10.73409819699009,98,83,704.32,util_50
10.755516737990547,98,83,704.32,util_50
10.776385962002678,98,83,704.32,util_50
10.797140481998213,98,83,704.32,util_50
10.818917833996238,98,83,704.32,util_50
10.840859789997921,98,83,704.32,util_50
10.862013721998665,98,83,704.32,util_50
10.883359368992387,98,83,704.32,util_50
10.90457091999997,98,83,704.32,util_50
10.926082979989587,55,47,395.28,util_50
10.94693871999334,55,47,395.28,util_50
10.967642354997224,55,47,395.28,util_50
10.988382990995888,55,47,395.28,util_50
11.00914262799779,55,47,395.28,util_50
11.030059069991694,55,47,395.28,util_50
11.050939510998433,55,47,395.28,util_50
11.072807281991118,55,47,395.28,util_50
11.09442734500044,55,47,395.28,util_50
11.116138010998839,55,47,395.28,util_50
11.137807576000341,50,43,359.35,util_50
11.159648045999347,50,43,359.35,util_50
11.181178206999903,50,43,359.35,util_50
11.202217751997523,50,43,359.35,util_50
11.222988389999955,50,43,359.35,util_50
11.244260841995128,50,43,359.35,util_50
11.26523388599162,50,43,359.35,util_50
11.286157027992886,50,43,359.35,util_50
11.306891963991802,50,43,359.35,util_50
11.327629799998249,52,44,373.72,util_50
11.348389637001674,52,44,373.72,util_50
11.369067972002085,52,44,373.72,util_50
11.389840609001112,52,44,373.72,util_50
11.410646247997647,52,44,373.72,util_50
11.432125606996124,52,44,373.72,util_50
11.453608066003653,52,44,373.72,util_50
11.474226897989865,52,44,373.72,util_50
11.494883131992538,52,44,373.72,util_50
11.515504665003391,52,44,373.72,util_50
11.536180198992952,52,44,373.72,util_50
11.557044638990192,52,44,373.72,util_50
11.577825176995248,52,44,373.72,util_50
11.598515712001245,52,44,373.72,util_50
11.619724363001296,52,44,373.72,util_50
11.64117992100364,52,44,373.72,util_50
11.66233536999789,52,44,373.72,util_50
11.683039105002536,52,44,373.72,util_50
11.70492307699169,52,44,373.72,util_50
11.726410435992875,52,44,373.72,util_50
11.74804249999579,52,44,373.72,util_50
11.768910539991339,52,44,373.72,util_50
11.789833581991843,52,44,373.72,util_50
11.810683321993565,52,44,373.72,util_50
11.831533860997297,52,44,373.72,util_50
11.852371600994957,52,44,373.72,util_50
11.873165961995255,52,44,373.72,util_50
11.893987010989804,52,44,373.72,util_50
11.914864246995421,52,44,373.72,util_50
11.936394650998409,52,45,373.72,util_50
11.957263589996728,52,45,373.72,util_50
11.978090737000457,52,45,373.72,util_50
11.99969152599806,52,45,373.72,util_50
12.02057136199437,52,45,373.72,util_50
12.041641859992524,52,45,373.72,util_50
12.062384723991272,52,45,373.72,util_50
12.083208671989269,52,45,373.72,util_50
12.103898946996196,52,45,373.72,util_50
12.124654908999219,52,44,373.72,util_50
12.145463159991778,52,44,373.72,util_50
12.166249914997024,52,44,373.72,util_50
12.187054566995357,52,44,373.72,util_50
12.207755240000552,52,44,373.72,util_50
12.228539395990083,52,44,373.72,util_50
12.24939373700181,52,44,373.72,util_50
12.270123904003412,52,44,373.72,util_50
12.290893862998928,52,44,373.72,util_50
12.311667520989431,52,44,373.72,util_50
12.332285110998782,52,45,373.72,util_50
12.354005575994961,52,45,373.72,util_50
12.375189250000403,52,45,373.72,util_50
12.395961807997082,52,45,373.72,util_50
12.416923027994926,52,45,373.72,util_50
12.437689487996977,52,45,373.72,util_50
12.458777181993355,52,45,373.72,util_50
12.480060036003124,52,45,373.72,util_50
12.501076043990906,52,45,373.72,util_50
12.52283929999976,50,42,359.35,util_50
12.54351397800201,50,42,359.35,util_50
12.564295035001123,50,42,359.35,util_50
12.585111983993556,50,42,359.35,util_50
12.60602301399922,50,42,359.35,util_50
12.626806369997212,50,42,359.35,util_50
12.648624314999324,50,42,359.35,util_50
12.669397972989827,50,42,359.35,util_50
12.6901129429898,50,42,359.35,util_50
12.710954986992874,50,42,359.35,util_50
12.731778335000854,51,44,366.53,util_50
12.753225255990401,51,44,366.53,util_50
12.774401431990555,51,44,366.53,util_50
12.795066011996823,51,44,366.53,util_50
12.816011834991514,51,44,366.53,util_50
12.836735302989837,51,44,366.53,util_50
12.857447374000913,51,44,366.53,util_50
12.878550768989953,51,44,366.53,util_50
12.899760753993178,51,44,366.53,util_50
12.922775572995306,51,44,366.53,util_50
12.943527051000274,51,44,366.53,util_50
12.964235538995126,51,44,366.53,util_50
12.985754961002385,51,44,366.53,util_50
13.006488343002275,51,44,366.53,util_50
13.027076154990937,51,44,366.53,util_50
13.047741350994329,51,44,366.53,util_50
13.068376552997506,51,44,366.53,util_50
13.08904794800037,51,44,366.53,util_50
13.10995599499438,51,44,366.53,util_50
13.130793655989692,51,43,366.53,util_50
13.151642115000868,51,43,366.53,util_50
13.172456480999244,51,43,366.53,util_50
13.193226755000069,51,43,366.53,util_50
13.213985032998607,51,43,366.53,util_50
13.234866885002702,51,43,366.53,util_50
13.255798526995932,51,43,366.53,util_50
13.276582998994854,51,43,366.53,util_50
13.297418959991774,51,43,366.53,util_50
13.318588153997553,51,43,366.53,util_50
13.339843030000338,51,43,366.53,util_50
13.360992526999325,51,43,366.53,util_50
13.381822290000855,51,43,366.53,util_50
13.402520179995918,51,43,366.53,util_50
13.423252761989716,51,43,366.53,util_50
13.443991542997537,51,43,366.53,util_50
13.464955378993182,51,43,366.53,util_50
13.485794098000042,51,43,366.53,util_50
13.506499009992694,51,43,366.53,util_50
13.527300225003273,52,44,373.72,util_50
13.548171140995692,52,44,373.72,util_50
13.568908954999642,52,44,373.72,util_50
13.589759669994237,52,44,373.72,util_50
13.610607686001458,52,44,373.72,util_50
13.631434700990212,52,44,373.72,util_50
13.652170613990165,52,44,373.72,util_50
13.672997029003454,52,44,373.72,util_50
13.693743843003176,52,44,373.72,util_50
13.714423354991595,52,44,373.72,util_50
13.735279670989257,52,44,373.72,util_50
13.756053185003111,52,44,373.72,util_50
13.776821298990399,52,44,373.72,util_50
13.797748315992067,52,44,373.72,util_50
13.819002339994768,52,44,373.72,util_50
13.840085659991018,52,44,373.72,util_50
13.861140280001564,52,44,373.72,util_50
13.882003702994552,52,44,373.72,util_50
13.903728851990309,52,44,373.72,util_50
13.924965091995546,52,46,373.72,util_50
13.94579302299826,52,46,373.72,util_50
13.966536152001936,52,46,373.72,util_50
13.987350782990688,52,46,373.72,util_50
14.008151114001521,52,46,373.72,util_50
14.028863842991996,52,46,373.72,util_50
14.049594272000832,52,46,373.72,util_50
14.070525704999454,52,46,373.72,util_50
14.091293534991564,52,46,373.72,util_50
14.112305570000899,52,46,373.72,util_50
14.133057200000621,52,46,373.72,util_50
14.153829029994085,52,46,373.72,util_50
14.174568659000215,52,46,373.72,util_50
14.195424290999654,52,46,373.72,util_50
14.216176519999863,52,46,373.72,util_50
14.237485860998277,52,46,373.72,util_50
14.258647598995594,52,46,373.72,util_50
14.279746535990853,52,46,373.72,util_50
14.300762371000019,52,46,373.72,util_50
14.32198721099121,52,46,373.72,util_50
14.342835741990712,52,46,373.72,util_50
14.363593771995511,52,46,373.72,util_50
14.384256799996365,52,46,373.72,util_50
14.405112530992483,52,46,373.72,util_50
14.425911661994178,52,46,373.72,util_50
14.446675892002531,52,46,373.72,util_50
14.46746812199126,52,46,373.72,util_50
14.488287653002772,52,46,373.72,util_50
14.508944681001594,52,46,373.72,util_50
14.529620708999573,52,46,373.72,util_50
14.55039933900116,52,46,373.72,util_50
14.571127167990198,52,46,373.72,util_50
14.591863497000304,52,46,373.72,util_50
14.612620826999773,52,46,373.72,util_50
14.633391556999413,52,46,373.72,util_50
14.654115885990905,52,46,373.72,util_50
14.674846914989757,52,46,373.72,util_50
14.695694847003324,52,46,373.72,util_50
14.716482076997636,52,46,373.72,util_50
14.73741140999482,50,42,359.35,util_50
14.758438144999673,50,42,359.35,util_50
14.779642383989994,50,42,359.35,util_50
14.800763621999067,50,42,359.35,util_50
14.821639453992248,50,42,359.35,util_50
14.842385283001931,50,42,359.35,util_50
14.863185713998973,50,42,359.35,util_50
14.884012454989715,50,42,359.35,util_50
14.90487180299533,50,42,359.35,util_50
14.92653816800157,51,44,366.53,util_50
14.94749691800098,51,44,366.53,util_50
14.968309364994639,51,44,366.53,util_50
14.989084011001978,51,44,366.53,util_50
15.009816755991778,51,44,366.53,util_50
15.030567800989957,51,44,366.53,util_50
15.051394747992163,51,44,366.53,util_50
15.07208489200275,51,44,366.53,util_50
15.092754336001235,51,44,366.53,util_50
15.113452780002262,51,44,366.53,util_50
15.134166025003651,52,44,373.72,util_50
15.155622885999037,52,44,373.72,util_50
15.177041044997168,52,44,373.72,util_50
15.198576208000304,52,44,373.72,util_50
15.219864065002184,52,44,373.72,util_50
15.241337225001189,52,44,373.72,util_50
15.262444779000361,52,44,373.72,util_50
15.283355526989908,52,44,373.72,util_50
15.30405637199874,52,44,373.72,util_50
15.324749815990799,51,43,366.53,util_50
15.345518261994584,51,43,366.53,util_50
15.36630530799448,51,43,366.53,util_50
15.387883970994153,51,43,366.53,util_50
15.408553714994923,51,43,366.53,util_50
15.429315159999533,51,43,366.53,util_50
15.450005405000411,51,43,366.53,util_50
15.47076694999123,51,43,366.53,util_50
15.491446693995385,51,43,366.53,util_50
15.512205039995024,51,43,366.53,util_50
15.532828181996592,51,44,366.53,util_50
15.553557327002636,51,44,366.53,util_50
15.574249372002669,51,44,366.53,util_50
15.594907014994533,51,44,366.53,util_50
15.615701760994853,51,44,366.53,util_50
15.638039140991168,51,44,366.53,util_50
15.659756106993882,51,44,366.53,util_50
15.681347869991441,51,44,366.53,util_50
15.70330464199651,51,44,366.53,util_50
15.724410894996254,52,44,373.72,util_50
15.74546034699597,52,44,373.72,util_50
15.766256392991636,52,44,373.72,util_50
15.787034838998807,52,44,373.72,util_50
15.807829284996842,52,44,373.72,util_50
15.828618031999213,52,44,373.72,util_50
15.849509779989603,52,44,373.72,util_50
15.870324627001537,52,44,373.72,util_50
15.891161286999704,52,44,373.72,util_50
15.912046750992886,52,44,373.72,util_50
15.932866014001775,52,44,373.72,util_50
15.953655375997187,52,44,373.72,util_50
15.97441143800097,52,44,373.72,util_50
15.995280800998444,52,44,373.72,util_50
16.01613916500355,52,44,373.72,util_50
16.036941326994565,52,44,373.72,util_50
16.058066996993148,52,44,373.72,util_50
16.079292069000076,52,44,373.72,util_50
16.100314935989445,52,44,373.72,util_50
16.12146230599319,52,43,373.72,util_50
16.142313670003205,52,43,373.72,util_50
16.163061430997914,52,43,373.72,util_50
16.183932494997862,52,43,373.72,util_50
16.204790757998126,52,43,373.72,util_50
16.22565342199232,52,43,373.72,util_50
16.246468584999093,52,43,373.72,util_50
16.268215867996332,52,43,373.72,util_50
16.289061331000994,52,43,373.72,util_50
16.31081191499834,52,43,373.72,util_50
16.331679377995897,52,44,373.72,util_50
16.352516241997364,52,44,373.72,util_50
16.374139621999348,52,44,373.72,util_50
16.395709402000648,52,44,373.72,util_50
16.416588366002543,52,44,373.72,util_50
16.437587231994257,52,44,373.72,util_50
16.458871305992943,52,44,373.72,util_50
16.4799395739974,52,44,373.72,util_50
16.50074873599806,52,44,373.72,util_50
16.52200810899376,52,45,373.72,util_50
16.542702368999016,52,45,373.72,util_50
16.563464029997704,52,45,373.72,util_50
16.584240491996752,52,45,373.72,util_50
16.605049054996925,52,45,373.72,util_50
16.625790215999587,52,45,373.72,util_50
16.646665779990144,52,45,373.72,util_50
16.66741544099932,52,45,373.72,util_50
16.68831040499208,52,45,373.72,util_50
16.709181268990505,52,45,373.72,util_50
16.72995733100106,51,43,366.53,util_50
16.751618811991648,51,43,366.53,util_50
16.77307338899118,51,43,366.53,util_50
16.793853251001565,51,43,366.53,util_50
16.814874717994826,51,43,366.53,util_50
16.835716282002977,51,43,366.53,util_50
16.857789371992112,51,43,366.53,util_50
16.87923495400173,51,43,366.53,util_50
16.900495042995317,51,43,366.53,util_50
16.922027437991346,50,43,359.35,util_50
16.9428897179896,50,43,359.35,util_50
16.96378869799082,50,43,359.35,util_50
16.98469557899807,50,43,359.35,util_50
17.005561757992837,50,43,359.35,util_50
17.026385236997157,50,43,359.35,util_50
17.047180314999423,50,43,359.35,util_50
17.068006392990355,50,43,359.35,util_50
17.08887687299284,50,43,359.35,util_50
17.109739152991096,50,43,359.35,util_50
17.130505629989784,51,44,366.53,util_50
17.151194505990134,51,44,366.53,util_50
17.171867280994775,51,44,366.53,util_50
17.192774861003272,51,44,366.53,util_50
17.213516037998488,51,44,366.53,util_50
17.234448018993135,51,44,366.53,util_50
17.255220997001743,51,44,366.53,util_50
17.2759986739984,51,44,366.53,util_50
17.297121759998845,51,44,366.53,util_50
17.32170002500061,51,44,366.53,util_50
17.34256660399842,51,44,366.53,util_50
17.36338698299369,51,44,366.53,util_50
17.384199660999002,51,44,366.53,util_50
17.40487383599975,51,44,366.53,util_50
17.426492432990926,51,44,366.53,util_50
17.44737151300069,51,44,366.53,util_50
17.468102389990236,51,44,366.53,util_50
17.489718986995285,51,44,366.53,util_50
17.51118977999431,51,44,366.53,util_50
17.53198445799353,51,43,366.53,util_50
17.552625031996286,51,43,366.53,util_50
17.573315607995028,51,43,366.53,util_50
17.594064384989906,51,43,366.53,util_50
17.615014865994453,51,43,366.53,util_50
17.635905746996286,51,43,366.53,util_50
17.65704293199815,51,43,366.53,util_50
17.678195818996755,51,43,366.53,util_50
17.700152022996917,51,43,366.53,util_50
17.72115520600346,52,44,373.72,util_50
17.74199798499467,52,44,373.72,util_50
17.762795162998373,52,44,373.72,util_50
17.78436665899062,52,44,373.72,util_50
17.805993355999817,52,44,373.72,util_50
17.82725184499577,52,44,373.72,util_50
17.848160624998854,52,44,373.72,util_50
17.86890930199297,52,44,373.72,util_50
17.88977008999791,52,44,373.72,util_50
17.91080969000177,52,44,373.72,util_50
17.931664884992642,52,44,373.72,util_50
17.95254708098946,52,44,373.72,util_50
17.973356374990544,52,44,373.72,util_50
17.994201169989537,52,44,373.72,util_50
18.015180667993263,52,44,373.72,util_50
18.03607216400269,52,44,373.72,util_50
18.057164163998095,52,44,373.72,util_50
18.078460470002028,52,44,373.72,util_50
18.099988581001526,52,44,373.72,util_50
18.121032180992188,52,43,373.72,util_50
18.141982178000035,52,43,373.72,util_50
18.162934874999337,52,43,373.72,util_50
18.18508120099432,52,43,373.72,util_50
18.206271603994537,52,43,373.72,util_50
18.22721090099367,52,43,373.72,util_50
18.24818709900137,52,43,373.72,util_50
18.269164197001373,52,43,373.72,util_50
18.28999969200231,52,43,373.72,util_50
18.31114789399726,52,43,373.72,util_50
18.331925887003308,52,43,373.72,util_50
18.352788482996402,52,43,373.72,util_50
18.373594076998415,52,43,373.72,util_50
18.395242090991815,52,43,373.72,util_50
18.41677520200028,52,43,373.72,util_50
18.437818400998367,52,43,373.72,util_50
18.458887301996583,52,43,373.72,util_50
18.480146706002415,52,43,373.72,util_50
18.50101910199737,52,43,373.72,util_50
18.521923098000116,52,44,373.72,util_50
18.542716591997305,52,44,373.72,util_50
18.56359198699647,52,44,373.72,util_50
18.584350980003364,52,44,373.72,util_50
18.60506887199881,52,44,373.72,util_50
18.62585356499767,52,44,373.72,util_50
18.647493078999105,52,44,373.72,util_50
18.6690897919907,52,44,373.72,util_50
18.68982638399757,52,44,373.72,util_50
18.711046287993668,52,44,373.72,util_50
18.731857581995428,52,44,373.72,util_50
18.75275867799064,52,44,373.72,util_50
18.774459492997266,52,44,373.72,util_50
18.795879601995694,52,44,373.72,util_50
18.817629718003445,52,44,373.72,util_50
18.839103527992847,52,44,373.72,util_50
18.86041913399822,52,44,373.72,util_50
18.881126631997176,52,44,373.72,util_50
18.90189034100331,52,44,373.72,util_50
18.922508745992673,51,46,366.53,util_50
18.943281553991255,51,46,366.53,util_50
18.96415346598951,51,46,366.53,util_50
18.984978676002356,51,46,366.53,util_50
19.005916688998695,51,46,366.53,util_50
19.027321312998538,51,46,366.53,util_50
19.04857673299557,51,46,366.53,util_50
19.069646549993195,51,46,366.53,util_50
19.090415357990423,51,46,366.53,util_50
19.111500375001924,51,46,366.53,util_50
19.13217128100223,51,47,366.53,util_50
19.15299109100306,51,47,366.53,util_50
19.173775999995996,51,47,366.53,util_50
19.194548308994854,51,47,366.53,util_50
19.215334918000735,51,47,366.53,util_50
19.236171027994715,51,47,366.53,util_50
19.257229444003315,51,47,366.53,util_50
19.278442263996112,51,47,366.53,util_50
19.299608082001214,51,47,366.53,util_50
19.320865303001483,52,47,373.72,util_50
19.341754013992613,52,47,373.72,util_50
19.3624960219895,52,47,373.72,util_50
19.383347832990694,52,47,373.72,util_50
19.40415104299609,52,47,373.72,util_50
19.4250166540005,52,47,373.72,util_50
19.44659318200138,52,47,373.72,util_50
19.46740199199121,52,47,373.72,util_50
19.488275903000613,52,47,373.72,util_50
19.509056811992195,52,47,373.72,util_50
19.52973051799927,51,45,366.53,util_50
19.55056072899606,51,45,366.53,util_50
19.571231734997127,51,45,366.53,util_50
19.59195044200169,51,45,366.53,util_50
19.61270835099276,51,45,366.53,util_50
19.633567361990572,51,45,366.53,util_50
19.65435757099476,51,45,366.53,util_50
19.675108278999687,51,45,366.53,util_50
19.69601999099541,51,45,366.53,util_50
19.717028605999076,51,45,366.53,util_50
19.73837582899432,51,42,366.53,util_50
19.76042756899551,51,42,366.53,util_50
19.78204979900329,51,42,366.53,util_50
19.802935109997634,51,42,366.53,util_50
19.823758719998295,51,42,366.53,util_50
19.844515128992498,51,42,366.53,util_50
19.86529543698998,51,42,366.53,util_50
19.8862752589921,51,42,366.53,util_50
19.90714445899357,51,42,366.53,util_50
19.92791806299647,52,44,373.72,util_50
19.94869276600366,52,44,373.72,util_50
19.96952706699085,52,44,373.72,util_50
19.990374767992762,52,44,373.72,util_50
20.011238268998568,52,44,373.72,util_50
20.032015571996453,52,44,373.72,util_50
20.052811873989413,52,44,373.72,util_50
20.073673774997587,52,44,373.72,util_50
20.094509175993153,52,44,373.72,util_50
20.11534597800346,52,44,373.72,util_50
20.136358174000634,52,45,373.72,util_50
20.15760786399187,52,45,373.72,util_50
20.17864645899681,52,45,373.72,util_50
20.19965625599434,52,45,373.72,util_50
20.22155322600156,52,45,373.72,util_50
20.242998109999462,52,45,373.72,util_50
20.264318898000056,52,45,373.72,util_50
20.28573128300195,52,45,373.72,util_50
20.306966072996147,52,45,373.72,util_50
20.328498453993234,52,43,373.72,util_50
20.349659346000408,52,43,373.72,util_50
20.37043704900134,52,43,373.72,util_50
20.391288749990053,52,43,373.72,util_50
20.412111751997145,52,43,373.72,util_50
20.43289775500307,52,43,373.72,util_50
20.453664857996046,52,43,373.72,util_50
20.474417762001394,52,43,373.72,util_50
20.49511556699872,52,43,373.72,util_50
20.516120963991852,52,43,373.72,util_50
20.537266055995133,52,43,373.72,gap
20.558448447991395,52,43,373.72,gap
20.579514741999446,52,43,373.72,gap
20.60028734599473,52,43,373.72,gap
20.62097645099857,52,43,373.72,gap
20.641715755002224,52,43,373.72,gap
20.66365862499515,52,43,373.72,gap
20.685214605997317,52,43,373.72,gap
20.706845084001543,52,43,373.72,gap
20.738253481991705,0,1,0.00,gap
20.76009265400353,0,1,0.00,gap
20.781802030993276,0,1,0.00,gap
20.803573204990244,0,1,0.00,gap
20.82526158199471,0,1,0.00,gap
20.84615898199263,0,1,0.00,gap
20.866916086000856,0,1,0.00,gap
20.88783649299876,0,1,0.00,gap
20.90888250399439,0,1,0.00,gap
20.92976071999874,0,2,0.00,gap
20.95132561599894,0,2,0.00,gap
20.972805914992932,0,2,0.00,gap
20.99411621899344,0,2,0.00,gap
21.0154616219952,0,2,0.00,gap
21.036538831991493,0,2,0.00,util_75
21.057770637999056,0,2,0.00,util_75
21.078884746995755,0,2,0.00,util_75
21.09965646600176,0,2,0.00,util_75
21.120560580995516,36,31,258.73,util_75
21.141411596996477,36,31,258.73,util_75
21.162111418001587,36,31,258.73,util_75
21.182874336998793,36,31,258.73,util_75
21.20422473999497,36,31,258.73,util_75
21.225275951001095,36,31,258.73,util_75
21.2462939620018,36,31,258.73,util_75
21.266943484995863,36,31,258.73,util_75
21.287581306998618,36,31,258.73,util_75
21.308354025997687,36,31,258.73,util_75
21.329137344000628,73,62,524.65,util_75
21.349917963001644,73,62,524.65,util_75
21.370726080000168,73,62,524.65,util_75
21.391494998999406,73,62,524.65,util_75
21.41225021799619,73,62,524.65,util_75
21.432942339000874,73,62,524.65,util_75
21.45370345900301,73,62,524.65,util_75
21.47478116900311,73,62,524.65,util_75
21.496413462999044,73,62,524.65,util_75
21.52306181799213,73,62,524.65,util_75
21.54386733499996,73,62,524.65,util_75
21.56471455199062,73,62,524.65,util_75
21.58549117099028,73,62,524.65,util_75
21.606169092003256,73,62,524.65,util_75
21.62686501299322,73,62,524.65,util_75
21.64760863200354,73,62,524.65,util_75
21.66835625199019,73,62,524.65,util_75
21.689287265995517,73,62,524.65,util_75
21.710158881993266,73,62,524.65,util_75
21.731394688002183,73,63,524.65,util_75
21.752641393002705,73,63,524.65,util_75
21.773686703993008,73,63,524.65,util_75
21.794424024003092,73,63,524.65,util_75
21.81532673900074,73,63,524.65,util_75
21.836358950997237,73,63,524.65,util_75
21.857564756996,73,63,524.65,util_75
21.87986833899049,73,63,524.65,util_75
21.901020363002317,73,63,524.65,util_75
21.922784869995667,73,60,524.65,util_75
21.94389819499338,73,60,524.65,util_75
21.964664929997525,73,60,524.65,util_75
21.985684257000685,73,60,524.65,util_75
22.006398593002814,73,60,524.65,util_75
22.02717752699391,73,60,524.65,util_75
22.04784136399394,73,60,524.65,util_75
22.068486201998894,73,60,524.65,util_75
22.089321234001545,73,60,524.65,util_75
22.110169665989815,73,60,524.65,util_75
22.131040997992386,73,62,524.65,util_75
22.151845430998947,73,62,524.65,util_75
22.172570266993716,73,62,524.65,util_75
22.193898785990314,73,62,524.65,util_75
22.21477281699481,73,62,524.65,util_75
22.236385227995925,73,62,524.65,util_75
22.257527251989814,73,62,524.65,util_75
22.27861097799905,73,62,524.65,util_75
22.299384511992685,73,62,524.65,util_75
22.32011624799634,74,63,531.83,util_75
22.34090298099909,74,63,531.83,util_75
22.361974106999696,74,63,531.83,util_75
22.382946536003146,74,63,531.83,util_75
22.403972362997592,74,63,531.83,util_75
22.424828795003123,74,63,531.83,util_75
22.445631629001582,74,63,531.83,util_75
22.466353964002337,74,63,531.83,util_75
22.48710059899895,74,63,531.83,util_75
22.508162724989234,74,63,531.83,util_75
22.529337148997,74,61,531.83,util_75
22.55006558400055,74,61,531.83,util_75
22.57076981999853,74,61,531.83,util_75
22.591460055991774,74,61,531.83,util_75
22.61209089399199,74,61,531.83,util_75
22.63285952899605,74,61,531.83,util_75
22.653671961990767,74,61,531.83,util_75
22.674301599996397,74,61,531.83,util_75
22.695142231998034,74,61,531.83,util_75
22.719409671000903,74,63,531.83,util_75
22.740201704989886,74,63,531.83,util_75
22.760936239996227,74,63,531.83,util_75
22.781621677000658,74,63,531.83,util_75
22.802293613989605,74,63,531.83,util_75
22.823046648001764,74,63,531.83,util_75
22.843785782999475,74,63,531.83,util_75
22.864519618990016,74,63,531.83,util_75
22.885334058999433,74,63,531.83,util_75
22.906120208994253,74,63,531.83,util_75
22.926791960999253,74,61,531.83,util_75
22.94756750999659,74,61,531.83,util_75
22.968291060999036,74,61,531.83,util_75
22.98934600299981,74,61,531.83,util_75
23.010467343992786,74,61,531.83,util_75
23.03132519099745,74,61,531.83,util_75
23.05236113400315,74,61,531.83,util_75
23.07308358399314,74,61,531.83,util_75
23.09388033299183,74,61,531.83,util_75
23.114613483994617,74,61,531.83,util_75
23.135732923998148,74,62,531.83,util_75
23.15686332900077,74,62,531.83,util_75
23.177855096000712,74,62,531.83,util_75
23.198708361000172,74,62,531.83,util_75
23.219525823995355,74,62,531.83,util_75
23.240203784996993,74,62,531.83,util_75
23.26105184899643,74,62,531.83,util_75
23.281864812001004,74,62,531.83,util_75
23.302612473999034,74,62,531.83,util_75
23.323272034002002,73,62,524.65,util_75
23.34393229399575,73,62,524.65,util_75
23.364663155996823,73,62,524.65,util_75
23.385432918992592,73,62,524.65,util_75
23.406228781997925,73,62,524.65,util_75
23.426974143992993,73,62,524.65,util_75
23.447814108003513,73,62,524.65,util_75
23.468584770002053,73,62,524.65,util_75
23.489254929998424,73,62,524.65,util_75
23.509982392002712,73,62,524.65,util_75
23.53069235300063,74,61,531.83,util_75
23.551505216993974,74,61,531.83,util_75
23.57243588299025,74,61,531.83,util_75
23.593220145994565,74,61,531.83,util_75
23.613848205000977,74,61,531.83,util_75
23.634451063990127,74,61,531.83,util_75
23.65554273300222,74,61,531.83,util_75
23.676653702990734,74,61,531.83,util_75
23.697774774002028,74,61,531.83,util_75
23.719439255990437,73,62,524.65,util_75
23.740327020990662,73,62,524.65,util_75
23.761219387000892,73,62,524.65,util_75
23.782499159991858,73,62,524.65,util_75
23.803412925990415,73,62,524.65,util_75
23.824166687991237,73,62,524.65,util_75
23.845050452990108,73,62,524.65,util_75
23.86599032000231,73,62,524.65,util_75
23.88739840699418,73,62,524.65,util_75
23.908356489002472,73,62,524.65,util_75
23.929089265991934,73,63,524.65,util_75
23.950365055992734,73,63,524.65,util_75
23.97131033799087,73,63,524.65,util_75
23.992137016990455,73,63,524.65,util_75
24.013459406996844,73,63,524.65,util_75
24.034780898000463,73,63,524.65,util_75
24.05616378999548,73,63,524.65,util_75
24.077326376995188,73,63,524.65,util_75
24.09877176998998,73,63,524.65,util_75
24.119970357991406,73,64,524.65,util_75
24.14109944399388,73,64,524.65,util_75
24.162615238994476,73,64,524.65,util_75
24.18365712299419,73,64,524.65,util_75
24.204434900995693,73,64,524.65,util_75
24.225205378999817,73,64,524.65,util_75
24.246181060996605,73,64,524.65,util_75
24.26775885799725,73,64,524.65,util_75
24.288712540001143,73,64,524.65,util_75
24.309443316989928,73,64,524.65,util_75
24.330249794991687,74,64,531.83,util_75
24.351520084994263,74,64,531.83,util_75
24.37294287700206,74,64,531.83,util_75
24.39381505799247,74,64,531.83,util_75
24.414722339002765,74,64,531.83,util_75
24.43583902399405,74,64,531.83,util_75
24.457262516996707,74,64,531.83,util_75
24.478460004989756,74,64,531.83,util_75
24.499319384995033,74,64,531.83,util_75
24.52010126299865,73,63,524.65,util_75
24.5411819479923,73,63,524.65,util_75
24.562634240995976,73,63,524.65,util_75
24.58344541999395,73,63,524.65,util_75
24.604246898990823,73,63,524.65,util_75
24.625096577990917,73,63,524.65,util_75
24.64575455400336,73,63,524.65,util_75
24.666450429998804,73,63,524.65,util_75
24.687249007998616,73,63,524.65,util_75
24.70808748799027,73,63,524.65,util_75
24.72884306499327,73,60,524.65,util_75
24.749862848999328,73,60,524.65,util_75
24.77076262999617,73,60,524.65,util_75
24.792131320995395,73,60,524.65,util_75
24.813110703995335,73,60,524.65,util_75
24.833891282003606,73,60,524.65,util_75
24.85504706899519,73,60,524.65,util_75
24.87687927299703,73,60,524.65,util_75
24.89836388299591,73,60,524.65,util_75
24.919273078994593,74,64,531.83,util_75
24.940477882992127,74,64,531.83,util_75
24.962045694992412,74,64,531.83,util_75
24.983293498997227,74,64,531.83,util_75
25.004130993998842,74,64,531.83,util_75
25.024848585992004,74,64,531.83,util_75
25.045628378997208,74,64,531.83,util_75
25.06661437699222,74,64,531.83,util_75
25.087408370993217,74,64,531.83,util_75
25.10864257499634,74,64,531.83,util_75
25.129610072996,74,63,531.83,util_75
25.151046682003653,74,63,531.83,util_75
25.17175357299857,74,63,531.83,util_75
25.193085780003457,74,63,531.83,util_75
25.21400617600011,74,63,531.83,util_75
25.235204979995615,74,63,531.83,util_75
25.256342081993353,74,63,531.83,util_75
25.277386881003622,74,63,531.83,util_75
25.298125774002983,74,63,531.83,util_75
25.318957868003054,74,62,531.83,util_75
25.339847563998774,74,62,531.83,util_75
25.360662057995796,74,62,531.83,util_75
25.38143815100193,74,62,531.83,util_75
25.402136842996697,74,62,531.83,util_75
25.422828933995334,74,62,531.83,util_75
25.443612228002166,74,62,531.83,util_75
25.46475802999339,74,62,531.83,util_75
25.485622924999916,74,62,531.83,util_75
25.506439418997616,74,62,531.83,util_75
25.527467817999423,74,62,531.83,util_75
25.548390115000075,74,62,531.83,util_75
25.569233109999914,74,62,531.83,util_75
25.590027304002433,74,62,531.83,util_75
25.610835297993617,74,62,531.83,util_75
25.631659092003247,74,62,531.83,util_75
25.65230898199661,74,62,531.83,util_75
25.672987972997362,74,62,531.83,util_75
25.693724165001186,74,62,531.83,util_75
25.71491566799523,74,62,531.83,util_75
25.736220174003392,74,63,531.83,util_75
25.757381976989564,74,63,531.83,util_75
25.778785285001504,74,63,531.83,util_75
25.799725381992175,74,63,531.83,util_75
25.820575076999376,74,63,531.83,util_75
25.84129946900066,74,63,531.83,util_75
25.862757377995877,74,63,531.83,util_75
25.88363898199168,74,63,531.83,util_75
25.90451629299787,74,63,531.83,util_75
25.925314701991738,73,62,524.65,util_75
25.946154812001623,73,62,524.65,util_75
25.967092524995678,73,62,524.65,util_75
25.987942634994397,73,62,524.65,util_75
26.009295456999098,73,62,524.65,util_75
26.030123766991892,73,62,524.65,util_75
26.050910475998535,73,62,524.65,util_75
26.071921789989574,73,62,524.65,util_75
26.09266669799399,73,62,524.65,util_75
26.113432005993673,73,62,524.65,util_75
26.13445361999038,74,61,531.83,util_75
26.155694839995704,74,61,531.83,util_75
26.17690605900134,74,61,531.83,util_75
26.19811627799936,74,61,531.83,util_75
26.218981288999203,74,61,531.83,util_75
26.239882800990017,74,61,531.83,util_75
26.26076631199976,74,61,531.83,util_75
26.2816078219912,74,61,531.83,util_75
26.30249543300306,74,61,531.83,util_75
26.323307541999384,73,61,524.65,util_75
26.344578263000585,73,61,524.65,util_75
26.365563575993292,73,61,524.65,util_75
26.386374585999874,73,61,524.65,util_75
26.407357798991143,73,61,524.65,util_75
26.42813300799753,73,61,524.65,util_75
26.449855639002635,73,61,524.65,util_75
26.471243063002476,73,61,524.65,util_75
26.492084472993156,73,61,524.65,util_75
26.513322391998372,73,61,524.65,util_75
26.534637713994016,73,62,524.65,util_75
26.556183341002907,73,62,524.65,util_75
26.577530063994345,73,62,524.65,util_75
26.598902586993063,73,62,524.65,util_75
26.61985829999321,73,62,524.65,util_75
26.64090431499062,73,62,524.65,util_75
26.662156035003136,73,62,524.65,util_75
26.68280933999631,73,62,524.65,util_75
26.70352184699732,73,62,524.65,util_75
26.724259155002073,73,61,524.65,util_75
26.74497236199386,73,61,524.65,util_75
26.76572707000014,73,61,524.65,util_75
26.786568180003087,73,61,524.65,util_75
26.807895801990526,73,61,524.65,util_75
26.8291940229974,73,61,524.65,util_75
26.850827251997543,73,61,524.65,util_75
26.87161496200133,73,61,524.65,util_75
26.89334570999199,73,61,524.65,util_75
26.914995454993914,73,61,524.65,util_75
26.93604748600046,73,61,524.65,util_75
26.95739762399171,73,61,524.65,util_75
26.9784071539907,73,61,524.65,util_75
26.999606687997584,73,61,524.65,util_75
27.020870423992164,73,61,524.65,util_75
27.04202055699716,73,61,524.65,util_75
27.06299178500194,73,61,524.65,util_75
27.08411291798984,73,61,524.65,util_75
27.105042244991637,73,61,524.65,util_75
27.125924670996028,73,62,524.65,util_75
27.146882699991693,73,62,524.65,util_75
27.168156835992704,73,62,524.65,util_75
27.189521373991738,73,62,524.65,util_75
27.210334898991277,73,62,524.65,util_75
27.231554832993424,73,62,524.65,util_75
27.25294367299648,73,62,524.65,util_75
27.2743448120018,73,62,524.65,util_75
27.295674748995225,73,62,524.65,util_75
27.318447522993665,74,63,531.83,util_75
27.33961305700359,74,63,531.83,util_75
27.361009696003748,74,63,531.83,util_75
27.381847520999145,74,63,531.83,util_75
27.402717346994905,74,63,531.83,util_75
27.42351067099662,74,63,531.83,util_75
27.444234494003467,74,63,531.83,util_75
27.464892913994845,74,63,531.83,util_75
27.485684437997406,74,63,531.83,util_75
27.50666986699798,74,63,531.83,util_75
27.527448890992673,74,62,531.83,util_75
27.548382317996584,74,62,531.83,util_75
27.56917714199517,74,62,531.83,util_75
27.590153671000735,74,62,531.83,util_75
27.610928894995595,74,62,531.83,util_75
27.632233832002385,74,62,531.83,util_75
27.65357196900004,74,62,531.83,util_75
27.6746679009957,74,62,531.83,util_75
27.695748031997937,74,62,531.83,util_75
27.71800449299917,74,62,531.83,util_75
27.738812417999725,74,62,531.83,util_75
27.759639441996114,74,62,531.83,util_75
27.78101148099813,74,62,531.83,util_75
27.801874206998036,74,62,531.83,util_75
27.8226860309951,74,62,531.83,util_75
27.843490856001154,74,62,531.83,util_75
27.86422297799436,74,62,531.83,util_75
27.885391617994173,74,62,531.83,util_75
27.906269446000806,74,62,531.83,util_75
27.927095484003075,74,63,531.83,util_75
27.94808401699993,74,63,531.83,util_75
27.968946153996512,74,63,531.83,util_75
27.989770991989644,74,63,531.83,util_75
28.01054253199254,74,63,531.83,util_75
28.03156876299181,74,63,531.83,util_75
28.052590293998946,74,63,531.83,util_75
28.073890714993468,74,63,531.83,util_75
28.095067841000855,74,63,531.83,util_75
28.11809349899704,75,64,539.02,util_75
28.13952691499435,75,64,539.02,util_75
28.161536209998303,75,64,539.02,util_75
28.18253264199302,75,64,539.02,util_75
28.203331380995223,75,64,539.02,util_75
28.225083685989375,75,64,539.02,util_75
28.24612661599531,75,64,539.02,util_75
28.267114749003667,75,64,539.02,util_75
28.288049583003158,75,64,539.02,util_75
28.309203208991676,75,64,539.02,util_75
28.330175041992334,74,61,531.83,util_75
28.35102167999139,74,61,531.83,util_75
28.371819719002815,74,61,531.83,util_75
28.39276385300036,74,61,531.83,util_75
28.41379538399633,74,61,531.83,util_75
28.435032606997993,74,61,531.83,util_75
28.456278829995426,74,61,531.83,util_75
28.477978037000867,74,61,531.83,util_75
28.499396653991425,74,61,531.83,util_75
28.520341187992017,74,62,531.83,util_75
28.54113782699278,74,62,531.83,util_75
28.56230615299137,74,62,531.83,util_75
28.583188488992164,74,62,531.83,util_75
28.605209183995612,74,62,531.83,util_75
28.626319111994235,74,62,531.83,util_75
28.647166248993017,74,62,531.83,util_75
28.667901490989607,74,62,531.83,util_75
28.68856683500053,74,62,531.83,util_75
28.709295976994326,74,62,531.83,util_75
28.73007901699748,73,61,524.65,util_75
28.750863957000547,73,61,524.65,util_75
28.771658095996827,73,61,524.65,util_75
28.792506833997322,73,61,524.65,util_75
28.813870151992887,73,61,524.65,util_75
28.83518097299384,73,61,524.65,util_75
28.856345498992596,73,61,524.65,util_75
28.877296235994436,73,61,524.65,util_75
28.89810518999002,73,61,524.65,util_75
28.91915653499018,73,63,524.65,util_75
28.940117983991513,73,63,524.65,util_75
28.96154721599305,73,63,524.65,util_75
28.982331770996097,73,63,524.65,util_75
29.0032866190013,73,63,524.65,util_75
29.024132171995007,73,63,524.65,util_75
29.045066621998558,73,63,524.65,util_75
29.06639495700074,73,63,524.65,util_75
29.08726630899764,73,63,524.65,util_75
29.108895333003602,73,63,524.65,util_75
29.12972628699208,73,62,524.65,util_75
29.151081021002028,73,62,524.65,util_75
29.172526551992632,73,62,524.65,util_75
29.19429577200208,73,62,524.65,util_75
29.21619288699003,73,62,524.65,util_75
29.237596320002922,73,62,524.65,util_75
29.258611065990408,73,62,524.65,util_75
29.27947251799924,73,62,524.65,util_75
29.300340369998594,73,62,524.65,util_75
29.321077426997363,74,65,531.83,util_75
29.34194227900298,74,65,531.83,util_75
29.362761133001186,74,65,531.83,util_75
29.383638383995276,74,65,531.83,util_75
29.404461637997883,74,65,531.83,util_75
29.42530428999453,74,65,531.83,util_75
29.44612194399815,74,65,531.83,util_75
29.466904998989776,74,65,531.83,util_75
29.487627955997596,74,65,531.83,util_75
29.508340314001543,74,65,531.83,util_75
29.529066770992358,74,64,531.83,util_75
29.54990532399097,74,64,531.83,util_75
29.5712126599974,74,64,531.83,util_75
29.592023113989853,74,64,531.83,util_75
29.613000361991,74,64,531.83,util_75
29.634734482999193,74,64,531.83,util_75
29.656202012993162,74,64,531.83,util_75
29.677432351993048,74,64,531.83,util_75
29.698301003998495,74,64,531.83,util_75
29.718993461996433,73,63,524.65,util_75
29.73982121500012,73,63,524.65,util_75
29.76095895799517,73,63,524.65,util_75
29.781830608990276,73,63,524.65,util_75
29.802892053994583,73,63,524.65,util_75
29.82402869699581,73,63,524.65,util_75
29.84483435099537,73,63,524.65,util_75
29.865720902002067,73,63,524.65,util_75
29.886492766992887,73,63,524.65,util_75
29.907601725994027,73,63,524.65,util_75
29.92841409498942,73,62,524.65,util_75
29.94987884099828,73,62,524.65,util_75
29.970808904996375,73,62,524.65,util_75
29.99189536499034,73,62,524.65,util_75
30.012902727001347,73,62,524.65,util_75
30.034123381003155,73,62,524.65,util_75
30.055767621000996,73,62,524.65,util_75
30.07687177999469,73,62,524.65,util_75
30.097650550000253,73,62,524.65,util_75
30.118467417996726,74,63,531.83,util_75
30.13960657599091,74,63,531.83,util_75
30.161213216997567,74,63,531.83,util_75
30.18230627599405,74,63,531.83,util_75
30.20343593400321,74,63,531.83,util_75
30.224413896998158,74,63,531.83,util_75
30.245341061992804,74,63,531.83,util_75
30.26613493099285,74,63,531.83,util_75
30.286915300996043,74,63,531.83,util_75
30.307650873000966,74,63,531.83,util_75
30.328367444992182,74,63,531.83,util_75
30.349255610999535,74,63,531.83,util_75
30.370355869992636,74,63,531.83,util_75
30.391351831989596,74,63,531.83,util_75
30.412553087997367,74,63,531.83,util_75
30.43372654399718,74,63,531.83,util_75
30.4548453019961,74,63,531.83,util_75
30.476035058003617,74,63,531.83,util_75
30.496868425994762,74,63,531.83,util_75
30.51827727399359,74,61,531.83,util_75
30.539690921999863,74,61,531.83,util_75
30.561327661998803,74,61,531.83,util_75
30.582212927998626,74,61,531.83,util_75
30.603377683990402,74,61,531.83,util_75
30.625057522993302,74,61,531.83,util_75
30.645922789990436,74,61,531.83,util_75
30.666957850990002,74,61,531.83,util_75
30.687830517999828,74,61,531.83,util_75
30.70849179200013,74,61,531.83,util_75
30.729145566001534,74,63,531.83,util_75
30.749979134998284,74,63,531.83,util_75
30.770770503993845,74,63,531.83,util_75
30.791679469999508,74,63,531.83,util_75
30.81285432599543,74,63,531.83,util_75
30.83415237799636,74,63,531.83,util_75
30.855277536000358,74,63,531.83,util_75
30.876307200000156,74,63,531.83,util_75
30.89711028400052,74,63,531.83,util_75
30.91876323899487,74,63,531.83,util_75
30.93994260999898,74,63,531.83,util_75
30.961303174990462,74,63,531.83,util_75
30.98210885899607,74,63,531.83,util_75
31.002929341993877,74,63,531.83,util_75
31.023765325997374,74,63,531.83,util_75
31.04487981199054,74,63,531.83,gap
31.06565187999513,74,63,531.83,gap
31.08723116699548,74,63,531.83,gap
31.108834553990164,74,63,531.83,gap
31.129677024000557,44,37,316.23,gap
31.1505247939931,44,37,316.23,gap
31.171373263990972,44,37,316.23,gap
31.19229743599135,44,37,316.23,gap
31.214256931998534,44,37,316.23,gap
31.23628042799828,44,37,316.23,gap
31.257322702993406,44,37,316.23,gap
31.278148672994575,44,37,316.23,gap
31.299603955994826,44,37,316.23,gap
31.32109484099783,0,2,0.00,gap
31.34305283598951,0,2,0.00,gap
31.36464842299756,0,2,0.00,gap
31.386414313994464,0,2,0.00,gap
31.407339386001695,0,2,0.00,gap
31.428140554999118,0,2,0.00,gap
31.44908572800341,0,2,0.00,gap
31.46986159599328,0,2,0.00,gap
31.490743567002937,0,2,0.00,gap
31.511495735001517,0,2,0.00,gap
31.532426506993943,0,2,0.00,gap
31.55345198199211,0,2,0.00,util_100
31.574540157002048,0,2,0.00,util_100
31.595606231989223,0,2,0.00,util_100
31.616544303993578,0,2,0.00,util_100
31.637463876002585,0,2,0.00,util_100
31.658373447993654,0,2,0.00,util_100
31.679167716996744,0,2,0.00,util_100
31.699984785998822,0,2,0.00,util_100
31.73529548299848,100,85,718.69,util_100
31.756457659997977,100,85,718.69,util_100
31.777245028992184,100,85,718.69,util_100
31.798100498999702,100,85,718.69,util_100
31.818895667995093,100,85,718.69,util_100
31.839705637001316,100,85,718.69,util_100
31.860814813000616,100,85,718.69,util_100
31.881597988991416,100,85,718.69,util_100
31.902427672990598,100,85,718.69,util_100
31.923156356002437,100,99,718.69,util_100
31.943973439992988,100,99,718.69,util_100
31.964696221999475,100,99,718.69,util_100
31.985520606991486,100,99,718.69,util_100
32.006483093995485,100,99,718.69,util_100
32.02729877899401,100,99,718.69,util_100
32.04813986399677,100,99,718.69,util_100
32.06887154599826,100,99,718.69,util_100
32.089590228002635,100,99,718.69,util_100
32.1105601159943,100,99,718.69,util_100
32.13134269999864,100,99,718.69,util_100
32.15231638799014,100,99,718.69,util_100
32.1738335879927,100,99,718.69,util_100
32.19495658000233,100,99,718.69,util_100
32.215984169000876,100,99,718.69,util_100
32.23676735299523,100,99,718.69,util_100
32.257641538992175,100,99,718.69,util_100
32.278459223001846,100,99,718.69,util_100
32.299270107003395,100,99,718.69,util_100
32.335715754990815,100,99,718.69,util_100
32.35659204100375,100,99,718.69,util_100
32.37735952399089,100,99,718.69,util_100
32.39814430799743,100,99,718.69,util_100
32.418868590000784,100,99,718.69,util_100
32.43975537599181,100,99,718.69,util_100
32.461032570994576,100,99,718.69,util_100
32.48187765599869,100,99,718.69,util_100
32.502602038002806,100,99,718.69,util_100
32.52335522099747,100,99,718.69,util_100
32.5441606050008,100,99,718.69,util_100
32.564977389993146,100,99,718.69,util_100
32.585778773995116,100,99,718.69,util_100
32.60682136299147,100,99,718.69,util_100
32.62763814799837,100,99,718.69,util_100
32.64851663399895,100,99,718.69,util_100
32.669287316995906,100,99,718.69,util_100
32.69007980100287,100,99,718.69,util_100
32.71091738498944,100,99,718.69,util_100
32.73188617300184,100,99,718.69,util_100
32.75292166299187,100,99,718.69,util_100
32.77413955699012,100,99,718.69,util_100
32.7952208469942,100,99,718.69,util_100
32.816127633996075,100,99,718.69,util_100
32.83681781499763,100,99,718.69,util_100
32.8575678979978,100,99,718.69,util_100
32.87828318399261,100,99,718.69,util_100
32.899104782991344,100,99,718.69,util_100
32.91990608199558,100,99,718.69,util_100
32.94077968299098,100,99,718.69,util_100
32.961542179997195,100,99,718.69,util_100
32.98238667999976,100,99,718.69,util_100
33.00323508000292,100,99,718.69,util_100
33.02398407799774,100,99,718.69,util_100
33.044780476993765,100,99,718.69,util_100
33.06550597399473,100,99,718.69,util_100
33.086353172999225,100,99,718.69,util_100
33.10717687300348,100,99,718.69,util_100
33.12799067200103,100,99,718.69,util_100
33.14871276899066,100,99,718.69,util_100
33.16953636799008,100,99,718.69,util_100
33.190304766001645,100,99,718.69,util_100
33.21112336599617,100,99,718.69,util_100
33.23210606900102,100,99,718.69,util_100
33.25324727599218,100,99,718.69,util_100
33.27445418399293,100,99,718.69,util_100
33.29558029100008,100,99,718.69,util_100
33.31664899599855,100,99,718.69,util_100
33.337554996993276,100,99,718.69,util_100
33.35845099900325,100,99,718.69,util_100
33.37926969799446,100,99,718.69,util_100
33.40012029799982,100,99,718.69,util_100
33.42098609798995,100,99,718.69,util_100
33.44191409999621,100,99,718.69,util_100
33.46268849799526,100,99,718.69,util_100
33.48347849700076,100,99,718.69,util_100
33.504349497001385,100,99,718.69,util_100
33.525201696989825,100,99,718.69,util_100
33.546100998995826,100,99,718.69,util_100
33.56695649899484,100,99,718.69,util_100
33.58776789800322,100,99,718.69,util_100
33.60859319700103,100,99,718.69,util_100
33.62929109399556,100,99,718.69,util_100
33.65004879099433,100,99,718.69,util_100
33.67090059099428,100,99,718.69,util_100
33.691889794994495,100,99,718.69,util_100
33.7165789869905,100,99,718.69,util_100
33.73742008699628,100,99,718.69,util_100
33.75809788198967,100,99,718.69,util_100
33.77895178299514,100,99,718.69,util_100
33.7998098829994,100,99,718.69,util_100
33.82057698100107,100,99,718.69,util_100
33.84143828100059,100,99,718.69,util_100
33.862274280996644,100,99,718.69,util_100
33.88319698999112,100,99,718.69,util_100
33.904128106994904,100,99,718.69,util_100
33.924892019000254,100,99,718.69,util_100
33.94571183300286,100,99,718.69,util_100
33.96655474799627,100,99,718.69,util_100
33.9873217610002,100,99,718.69,util_100
34.00848188299278,100,99,718.69,util_100
34.02987291099271,100,99,718.69,util_100
34.05068982500234,100,99,718.69,util_100
34.07185384799959,100,99,718.69,util_100
34.09312437300105,100,99,718.69,util_100
34.116385546993115,100,99,718.69,util_100
34.13720726099564,100,99,718.69,util_100
34.15802457499376,100,99,718.69,util_100
34.1789605919912,100,99,718.69,util_100
34.1997790059977,100,99,718.69,util_100
34.22062642099627,100,99,718.69,util_100
34.24164753999503,100,99,718.69,util_100
34.262498354990385,100,99,718.69,util_100
34.283411570999306,100,99,718.69,util_100
34.30420548499387,100,99,718.69,util_100
34.32502669899259,100,99,718.69,util_100
34.345847012999,100,99,718.69,util_100
34.366692427996895,100,99,718.69,util_100
34.38751504199172,100,99,718.69,util_100
34.40837585699046,100,99,718.69,util_100
34.42926347198954,100,99,718.69,util_100
34.45014058800007,100,99,718.69,util_100
34.47096890199464,100,99,718.69,util_100
34.49214302499604,100,99,718.69,util_100
34.51630382199073,100,99,718.69,util_100
34.53712103499856,100,99,718.69,util_100
34.55792734900024,100,99,718.69,util_100
34.57876436399238,100,99,718.69,util_100
34.599611577999895,100,99,718.69,util_100
34.620350290002534,100,99,718.69,util_100
34.641237606003415,100,99,718.69,util_100
34.662027518992545,100,99,718.69,util_100
34.68282733300293,100,99,718.69,util_100
34.70353054399311,100,99,718.69,util_100
34.72426835600345,100,99,718.69,util_100
34.74509446999582,100,99,718.69,util_100
34.76590268399741,100,99,718.69,util_100
34.78660819499055,100,99,718.69,util_100
34.80745400999149,100,99,718.69,util_100
34.82824672399147,100,99,718.69,util_100
34.84910243799095,100,99,718.69,util_100
34.869939752999926,100,99,718.69,util_100
34.890776079992065,100,99,718.69,util_100
34.91199841898924,100,99,718.69,util_100
34.93330335999781,100,99,718.69,util_100
34.95453999999154,100,99,718.69,util_100
34.97567613598949,100,99,718.69,util_100
34.99660686799325,100,99,718.69,util_100
35.01745819799544,100,99,718.69,util_100
35.03834172799543,100,99,718.69,util_100
35.05940236299648,100,99,718.69,util_100
35.08014248999825,100,99,718.69,util_100
35.101010619997396,100,99,718.69,util_100
35.12178704699909,100,99,718.69,util_100
35.142598475998966,100,99,718.69,util_100
35.16339600399078,100,99,718.69,util_100
35.18418603199825,100,99,718.69,util_100
35.205039362001116,100,99,718.69,util_100
35.225828789989464,100,99,718.69,util_100
35.24673442100175,100,99,718.69,util_100
35.26740394499211,100,99,718.69,util_100
35.28829237598984,100,99,718.69,util_100
35.30943941300211,100,99,718.69,util_100
35.330307643002016,100,99,718.69,util_100
35.351284775999375,100,99,718.69,util_100
35.37244231298973,100,99,718.69,util_100
35.39355684899783,100,99,718.69,util_100
35.41457328299293,100,99,718.69,util_100
35.4354000119929,100,99,718.69,util_100
35.45628394300002,100,99,718.69,util_100
35.47719037299976,100,99,718.69,util_100
35.498066903994186,100,99,718.69,util_100
35.51889123299043,100,99,718.69,util_100
35.53974396199919,100,99,718.69,util_100
35.56061019199842,100,99,718.69,util_100
35.581632025990984,100,99,718.69,util_100
35.6024596549978,100,99,718.69,util_100
35.623273883989896,100,99,718.69,util_100
35.644230316000176,100,99,718.69,util_100
35.664976143001695,100,99,718.69,util_100
35.685704368996085,100,99,718.69,util_100
35.706456895990414,100,99,718.69,util_100
35.7272829249996,100,99,718.69,util_100
35.74810435400286,100,99,718.69,util_100
35.768916182991234,100,99,718.69,util_100
35.78960870800074,100,99,718.69,util_100
35.81034063499828,100,99,718.69,util_100
35.83142277000297,100,99,718.69,util_100
35.85271621099673,100,99,718.69,util_100
35.87376444599067,100,99,718.69,util_100
35.894768793994444,100,99,718.69,util_100
35.91576462700323,100,99,718.69,util_100
35.936701300990535,100,99,718.69,util_100
35.957471788002294,100,99,718.69,util_100
35.97838646399032,100,99,718.69,util_100
35.999311439998564,100,99,718.69,util_100
36.02004302799469,100,99,718.69,util_100
36.04092660699098,100,99,718.69,util_100
36.06177268800093,100,99,718.69,util_100
36.08254557399778,100,99,718.69,util_100
36.103380455999286,100,99,718.69,util_100
36.1240937459952,100,99,718.69,util_100
36.144896529993275,100,99,718.69,util_100
36.16564531699987,100,99,718.69,util_100
36.186406503999024,100,99,718.69,util_100
36.20717508999223,100,99,718.69,util_100
36.22796187500353,100,99,718.69,util_100
36.248786857991945,100,99,718.69,util_100
36.269576142993174,100,99,718.69,util_100
36.29031973099336,100,99,718.69,util_100
36.31153968599392,100,99,718.69,util_100
36.332860034992336,100,99,718.69,util_100
36.35394200000155,100,99,718.69,util_100
36.37505336299364,100,99,718.69,util_100
36.39587094599847,100,99,718.69,util_100
36.41660443499859,100,99,718.69,util_100
36.43730272600078,100,99,718.69,util_100
36.458549978997326,100,99,718.69,util_100
36.4794530569925,100,99,718.69,util_100
36.500325136003084,100,99,718.69,util_100
36.52116901699628,100,99,718.69,util_100
36.54200379899703,100,99,718.69,util_100
36.562797482998576,100,99,718.69,util_100
36.58353487199929,100,99,718.69,util_100
36.60424716200214,100,99,718.69,util_100
36.625062644990976,100,99,718.69,util_100
36.645942324001226,100,99,718.69,util_100
36.66667661200336,100,99,718.69,util_100
36.68747669599543,100,99,718.69,util_100
36.70837817399297,100,99,718.69,util_100
36.72918805699737,100,99,718.69,util_100
36.75002853899787,100,99,718.69,util_100
36.77113740200002,100,99,718.69,util_100
36.792656336998334,100,99,718.69,util_100
36.81366310699377,100,99,718.69,util_100
36.83475877100136,100,99,718.69,util_100
36.855541055992944,100,99,718.69,util_100
36.8763049459958,100,99,718.69,util_100
36.897120843001176,100,99,718.69,util_100
36.91790894299629,100,99,718.69,util_100
36.93873023999913,100,99,718.69,util_100
36.95996610900329,100,99,718.69,util_100
36.980998491999344,100,99,718.69,util_100
37.001786891996744,100,99,718.69,util_100
37.02261308899324,100,99,718.69,util_100
37.043447684991406,100,99,718.69,util_100
37.06422398600262,100,99,718.69,util_100
37.08503518399084,100,99,718.69,util_100
37.105848481995054,100,99,718.69,util_100
37.12662548199296,100,99,718.69,util_100
37.14733038700069,100,99,718.69,util_100
37.168135384999914,100,99,718.69,util_100
37.188926784991054,100,99,718.69,util_100
37.20970828499412,100,99,718.69,util_100
37.2305124830018,100,99,718.69,util_100
37.2516511589929,100,99,718.69,util_100
37.272715639992384,100,99,718.69,util_100
37.293772520992206,100,99,718.69,util_100
37.3152401749976,100,99,718.69,util_100
37.336006675992394,100,99,718.69,util_100
37.35678267700132,100,99,718.69,util_100
37.37758627498988,100,99,718.69,util_100
37.39845806900121,100,99,718.69,util_100
37.41909777899855,100,99,718.69,util_100
37.439944373996696,100,99,718.69,util_100
37.460925460996805,100,99,718.69,util_100
37.481772355997236,100,99,718.69,util_100
37.50265364999359,100,99,718.69,util_100
37.52337805299612,100,99,718.69,util_100
37.544114256001194,100,99,718.69,util_100
37.5649148550001,100,99,718.69,util_100
37.585672556990176,100,99,718.69,util_100
37.60650175299088,100,99,718.69,util_100
37.627279954002006,100,99,718.69,util_100
37.64806925300218,100,99,718.69,util_100
37.66884455399122,100,99,718.69,util_100
37.68963605299359,100,99,718.69,util_100
37.71067443599168,100,99,718.69,util_100
37.73174501598987,100,99,718.69,util_100
37.75275889999466,100,99,718.69,util_100
37.77381868199154,100,99,718.69,util_100
37.795443424998666,100,99,718.69,util_100
37.81611083299504,100,99,718.69,util_100
37.8367932389956,100,99,718.69,util_100
37.85794221400283,100,99,718.69,util_100
37.87876201600011,100,99,718.69,util_100
37.89954602999205,100,99,718.69,util_100
37.92033254499256,100,99,718.69,util_100
37.94115795599646,100,99,718.69,util_100
37.96200216599391,100,99,718.69,util_100
37.9828495769907,100,99,718.69,util_100
38.00364898999396,100,99,718.69,util_100
38.02442330500344,100,99,718.69,util_100
38.04534350999165,100,99,718.69,util_100
38.06618981999054,100,99,718.69,util_100
38.087078227996244,100,99,718.69,util_100
38.10819781999453,100,99,718.69,util_100
38.12896073498996,100,99,718.69,util_100
38.14971305200015,100,99,718.69,util_100
38.17088913999032,100,99,718.69,util_100
38.19226601500122,100,99,718.69,util_100
38.213308411999606,100,99,718.69,util_100
38.234271413995884,100,99,718.69,util_100
38.255192519995035,100,99,718.69,util_100
38.2760302300012,100,99,718.69,util_100
38.2968768409919,100,99,718.69,util_100
38.31766325500212,100,99,718.69,util_100
38.3385190639965,100,99,718.69,util_100
38.35936987400055,100,99,718.69,util_100
38.380434969993075,100,99,718.69,util_100
38.401292579001165,100,99,718.69,util_100
38.42202974000247,100,99,718.69,util_100
38.442782629994326,100,99,718.69,util_100
38.4636325219908,100,99,718.69,util_100
38.484509414003696,100,99,718.69,util_100
38.50539810699411,100,99,718.69,util_100
38.52618709800299,100,99,718.69,util_100
38.5469470879907,100,99,718.69,util_100
38.56782127999759,100,99,718.69,util_100
38.58870007299993,100,99,718.69,util_100
38.60955326499243,100,99,718.69,util_100
38.63067786199099,100,99,718.69,util_100
38.65174965799088,100,99,718.69,util_100
38.672847453999566,100,99,718.69,util_100
38.69400685199071,100,99,718.69,util_100
38.7149235449906,100,99,718.69,util_100
38.73574693599949,100,99,718.69,util_100
38.75665042900073,100,99,718.69,util_100
38.77753972199571,100,99,718.69,util_100
38.798385913993116,100,99,718.69,util_100
38.819076902989764,100,99,718.69,util_100
38.83991779400094,100,99,718.69,util_100
38.86065988399787,100,99,718.69,util_100
38.881491981999716,100,99,718.69,util_100
38.90235038899118,100,99,718.69,util_100
38.92316239399952,100,99,718.69,util_100
38.944139102997724,100,99,718.69,util_100
38.96503741000197,100,99,718.69,util_100
38.98593291800353,100,99,718.69,util_100
39.00679142399167,100,99,718.69,util_100
39.027652630989905,100,99,718.69,util_100
39.048454435993335,100,99,718.69,util_100
39.06932324299123,100,99,718.69,util_100
39.09045765499468,100,99,718.69,util_100
39.114786528996774,100,99,718.69,util_100
39.13569313699554,100,99,718.69,util_100
39.15664504499,100,99,718.69,util_100
39.177583853001124,100,99,718.69,util_100
39.19849876099033,100,99,718.69,util_100
39.21935116799432,100,99,718.69,util_100
39.24025197500305,100,99,718.69,util_100
39.26103917999717,100,99,718.69,util_100
39.282069989989395,100,99,718.69,util_100
39.30293359699135,100,99,718.69,util_100
39.32369910099078,100,99,718.69,util_100
39.344570107990876,100,99,718.69,util_100
39.36534481299168,100,99,718.69,util_100
39.38619671999186,100,99,718.69,util_100
39.40702842599421,100,99,718.69,util_100
39.42773822900199,100,99,718.69,util_100
39.448506533997715,100,99,718.69,util_100
39.46922433799773,100,99,718.69,util_100
39.49034834999475,100,99,718.69,util_100
39.51466532399354,100,99,718.69,util_100
39.53553203000047,100,99,718.69,util_100
39.55646063799213,100,99,718.69,util_100
39.577323145000264,100,99,718.69,util_100
39.598158351000166,100,99,718.69,util_100
39.619002956998884,100,99,718.69,util_100
39.63992106499791,100,99,718.69,util_100
39.660813772003166,100,99,718.69,util_100
39.68192868400365,100,99,718.69,util_100
39.70278729099664,100,99,718.69,util_100
39.723565795997274,100,99,718.69,util_100
39.74431059999915,100,99,718.69,util_100
39.765052803995786,100,99,718.69,util_100
39.785766507993685,100,99,718.69,util_100
39.80690742000297,100,99,718.69,util_100
39.82759602299484,100,99,718.69,util_100
39.848343527992256,100,99,718.69,util_100
39.8690310309903,100,99,718.69,util_100
39.890030751994345,100,99,718.69,util_100
39.91466665000189,100,99,718.69,util_100
39.935450068995124,100,99,718.69,util_100
39.9563475909963,100,99,718.69,util_100
39.97723481299181,100,99,718.69,util_100
39.99812503399153,100,99,718.69,util_100
40.01906745698943,100,99,718.69,util_100
40.03993247800099,100,99,718.69,util_100
40.06071079800313,100,99,718.69,util_100
40.08145331600099,100,99,718.69,util_100
40.10232243700011,100,99,718.69,util_100
40.12302875499881,100,99,718.69,util_100
40.14384107600199,100,99,718.69,util_100
40.16469829699781,100,99,718.69,util_100
40.18550661699555,100,99,718.69,util_100
40.20625113499409,100,99,718.69,util_100
40.22703915499733,100,99,718.69,util_100
40.24779227399267,100,99,718.69,util_100
40.26854189299047,100,99,718.69,util_100
40.289329111998086,100,99,718.69,util_100
40.31043433799641,100,99,718.69,util_100
40.33155926500331,100,99,718.69,util_100
40.35269389099267,100,99,718.69,util_100
40.37373951599875,100,99,718.69,util_100
40.39449353500095,100,99,718.69,util_100
40.41524045399274,100,99,718.69,util_100
40.436026372990455,100,99,718.69,util_100
40.45721030099958,100,99,718.69,util_100
40.4780878219899,100,99,718.69,util_100
40.49893174300087,100,99,718.69,util_100
40.519753162996494,100,99,718.69,util_100
40.54050928200013,100,99,718.69,util_100
40.56132290199457,100,99,718.69,util_100
40.582151922993944,100,99,718.69,util_100
40.60302934399806,100,99,718.69,util_100
40.623868265000056,100,99,718.69,util_100
40.644671984991874,100,99,718.69,util_100
40.66556950699305,100,99,718.69,util_100
40.68641452699376,100,99,718.69,util_100
40.70743925200077,100,99,718.69,util_100
40.72831797300023,100,99,718.69,util_100
40.7491522939963,100,99,718.69,util_100
40.77054522599792,100,99,718.69,util_100
40.79177365399664,100,99,718.69,util_100
40.81311188499967,100,99,718.69,util_100
40.833782101995894,100,99,718.69,util_100
40.85451191999891,100,99,718.69,util_100
40.87524814099015,100,99,718.69,util_100
40.895987573996536,100,99,718.69,util_100
40.91670300599071,100,99,718.69,util_100
40.93740953798988,100,99,718.69,util_100
40.95859518100042,100,99,718.69,util_100
40.979545617999975,100,99,718.69,util_100
41.00024505000329,100,99,718.69,util_100
41.02107378499932,100,99,718.69,util_100
41.04189091999433,100,99,718.69,util_100
41.06263085200044,100,99,718.69,util_100
41.083346184997936,100,99,718.69,util_100
41.10427722199529,100,99,718.69,util_100
41.125001453998266,100,99,718.69,util_100
41.14576258799934,100,99,718.69,util_100
41.16651202099456,100,99,718.69,util_100
41.187352155990084,100,99,718.69,util_100
41.208085588994436,100,99,718.69,util_100
41.22888262299239,100,99,718.69,util_100
41.250006863992894,100,99,718.69,util_100
41.27128040799289,100,99,718.69,util_100
41.29248825099785,100,99,718.69,util_100
41.314013299997896,100,99,718.69,util_100
41.33479193400126,100,99,718.69,util_100
41.35560166799405,100,99,718.69,util_100
41.376400302993716,100,99,718.69,util_100
41.39719823699852,100,99,718.69,util_100
41.418027271996834,100,99,718.69,util_100
41.438819805989624,100,99,718.69,util_100
41.45961203999468,100,99,718.69,util_100
41.48045267499401,100,99,718.69,util_100
41.50135051099642,100,99,718.69,util_100
41.52202464299626,100,99,718.69,util_100
41.542774175992236,100,99,718.69,util_100
41.56363061099546,100,99,718.69,gap
41.58526366300066,100,99,718.69,gap
41.60751872700348,100,99,718.69,gap
41.628835171999526,100,99,718.69,gap
41.650806131001445,100,99,718.69,gap
41.67228967900155,100,99,718.69,gap
41.693109113999526,100,99,718.69,gap
41.71376914498978,21,19,150.93,gap
41.73461548000341,21,19,150.93,gap
41.755442114998004,21,19,150.93,gap
41.776099345996045,21,19,150.93,gap
41.796891880992916,21,19,150.93,gap
41.81751331099076,21,19,150.93,gap
41.83815164199041,21,19,150.93,gap
41.859029578001355,21,19,150.93,gap
41.880417528998805,21,19,150.93,gap
41.90119767800206,21,19,150.93,gap
41.92187012299837,0,2,0.00,gap
41.94265997200273,0,2,0.00,gap
41.963431219992344,0,2,0.00,gap
41.984209467991604,0,2,0.00,gap
42.00557312800083,0,2,0.00,gap
42.026449177996255,0,2,0.00,gap
